0.789951451
0.194946644
0.321743774
0.435950419
0.915106794
0.62746099
0.191940768
0.363079422
0.86143727
0.176815903
0.584349573
0.940718687
0.818668268
0.464312023
0.243487871
0.423628589
0.204814732
0.446493187
0.846426209
0.113596642
0.830275073
0.320389983
0.468047103
0.845993443
0.032027101
0.353037404
0.280508251
0.240956912
0.251508649
0.685712278
0.031313871
0.748840919
0.630640184
0.516483145
0.905698729
0.58035218
0.302661452
0.585800848
0.125858087
0.898088066
0.121143652
0.749168958
0.269441249
0.540801402
0.46162054
0.402343085
0.515388553
0.089558561
0.52348703
0.473811175
0.739523268
0.857757838
0.55932397
0.847139388
0.345370044
0.403508853
0.293991707
0.358462982
0.916630715
0.129219823
0.519367344
0.202741261
0.503830754
0.916703082
0.650634316
0.935589632
0.89552813
0.838363479
0.6067005
0.182932239
0.894212397
0.941341369
0.938119859
0.941196597
0.356989801
0.782954761
0.457136017
0.630099713
0.998876194
0.233291581
0.72094631
0.327568346
0.853837313
0.391821072
0.794492527
0.334684473
0.139283564
0.95960555
0.005671502
0.877957747
0.291683964
0.08481849
0.060851851
0.152909472
0.263814105
0.399431294
0.808239159
0.485850715
0.72865135
0.071429559
0.731697339
0.627669729
0.89474658
0.722409788
0.868262693
0.909771513
0.734909023
0.597309939
0.287682494
0.562156384
0.029755805
0.838805981
0.199539416
0.950261613
0.424341317
0.901585646
0.970586923
0.367112076
0.581428828
0.657397778
0.220063366
0.564178434
0.166155308
0.630368883
0.651123197
0.097535792
0.487310734
0.4183947
0.720044973
0.361589251
0.010694532
0.178144763
0.510306108
0.946533116
0.043087062
0.860477424
0.663063791
0.183629739
0.998985257
0.557376303
0.589646743
0.845602504
0.830724457
0.043757054
0.030661885
0.987190189
0.503628434
0.732806784
0.282414402
0.927039767
0.371095813
0.746571342
0.018766351
0.371875793
0.672039946
0.148338626
0.063644979
0.825373458
0.478275596
0.259527638
0.634319074
0.062831003
0.67511711
0.163070098
0.190018205
0.63975008
0.815772647
0.039093504
0.190413138
0.612444861
0.496490019
0.518124543
0.504027056
0.776597161
0.565441334
0.64839287
0.021583582
0.927521539
0.972084555
0.173017801
0.042148705
0.773233694
0.710969585
0.386947803
0.019172031
0.963110178
0.931320803
0.117993244
0.652542504
0.649818426
0.12923991
0.727950337
0.148094174
0.732082506
0.947640972
0.162186053
0.124192519
0.756124195
0.229387274
0.200671533
0.122782625
0.222581738
0.369392753
0.017269804
0.325538951
0.927454318
0.723957636
0.466657264
0.649884507
0.256306189
0.190350667
0.085402949
0.127095186
0.940198696
0.255750635
0.418872772
0.120553339
0.230058692
0.440899765
0.251255721
0.091854201
0.684793389
0.494560942
0.379677071
0.38073331
0.334800459
0.653929131
0.333500224
0.254297998
0.573553715
0.309636704
0.878293239
0.696559643
0.050090305
0.070983912
0.785265076
0.543038723
0.54051452
0.321169922
0.188164467
0.259194464
0.420290789
0.919222134
0.902020112
0.197530779
0.877060974
0.270180151
0.229074226
0.194591482
0.504870231
0.954027439
0.799451194
0.322037667
0.433545934
0.47785179
0.872465677
0.584384503
0.338046193
0.945584696
0.505005493
0.533733764
0.316654041
0.341927171
0.26889667
0.234603149
0.74289992
0.794355336
0.757639779
0.663902329
0.671765384
0.971431488
0.613503536
0.331549288
0.012350991
0.418817535
0.209561098
0.944782925
0.77134063
0.299173357
0.898841861
0.798725989
0.180884503
0.334175773
0.113362311
0.514818496
0.513646658
0.578891151
0.784559999
0.992784012
0.142464683
0.516203902
0.235323689
0.763813659
0.773259425
0.596695443
0.850465765
0.452782854
0.518553784
0.981431916
0.474322375
0.20668759
0.851283097
0.291156918
0.074922099
0.747885489
0.228001292
0.553044911
0.356352606
0.084889891
0.27385522
0.239813999
0.527221705
0.260314124
0.085331819
0.109217088
0.912137714
0.745761046
0.506024131
0.757750975
0.932926613
0.188949392
0.120179936
0.760550637
0.327925182
0.024212432
0.252126927
0.488067087
0.605341413
0.386754411
0.686259474
0.055315863
0.708867332
0.691163055
0.967937895
0.428023871
0.663430362
0.768870508
0.164752038
0.898199636
0.219641886
0.358241999
0.11184758
0.511037393
0.891288097
0.485201857
0.419217852
0.113238483
0.721935668
0.516648461
0.987015231
0.739666336
0.269900083
0.731063892
0.924348939
0.278878775
0.019643299
0.992084819
0.065986051
0.000945202
0.701669956
0.942346734
0.185149215
0.813989827
0.979066202
0.332910848
0.471390774
0.435850492
0.787139596
0.875787701
0.176645825
0.635975629
0.929495892
0.03549855
0.009859328
0.219600528
0.799031207
0.062393329
0.477024452
0.257187981
0.765220819
0.125342869
0.348592373
0.437845612
0.965628309
0.666073646
0.315865358
0.612698392
0.040431062
0.502797488
0.17180319
0.610683052
0.036336754
0.809494058
0.263493337
0.944607192
0.439089257
0.291440496
0.247095326
0.453499037
0.361782441
0.42425811
0.754604135
0.128827648
0.355404425
0.397805881
0.314441571
0.004123638
0.88834819
0.702653248
0.718563543
0.37461794
0.901343361
0.690630557
0.676500415
0.035377131
0.07583149
0.990727788
0.558200618
0.064939166
0.653639196
0.737759551
0.819485874
0.366544257
0.830687236
0.969276319
0.085904063
0.440724092
0.656625054
0.957648669
0.300898727
0.447938988
0.411445984
0.234266444
0.057503765
0.738171619
0.102810194
0.71782596
0.6823459
0.368096925
0.90141734
0.091796984
0.645102021
0.634442706
0.901394257
0.053084313
0.723585435
0.105212648
0.233428128
0.899630961
0.59417953
0.266715493
0.835131684
0.51347663
0.949336578
0.85444275
0.248742625
0.842994125
0.803310394
0.450349733
0.71006061
0.168288895
0.396486013
0.427781487
0.640969659
0.860365211
0.668986685
0.265994259
0.554233109
0.192607444
0.751903209
0.021110457
0.255586223
0.378394085
0.522460204
0.707209834
0.959110358
0.351663144
0.629950003
0.289262941
0.389796194
0.048984165
0.915732599
0.186875065
0.914695072
0.52605102
0.951314604
0.081848482
0.388218828
0.785445668
0.477156204
0.131084851
0.280064407
0.751275726
0.367676836
0.947273743
0.324179285
0.1784018
0.755735992
0.226658067
0.74890239
0.930552446
0.357043493
0.63012037
0.403681203
0.478059071
0.109548711
0.434472416
0.235715526
0.212996387
0.722689148
0.836691031
0.674270059
0.775845848
0.648443343
0.389609657
0.93779112
0.695549268
0.691094041
0.301233257
0.755092488
0.720959307
0.681352452
0.758463588
0.351522908
0.463438837
0.54620675
0.322853005
0.134351764
0.654559798
0.398534065
0.091140936
0.390260037
0.284333899
0.989547283
0.990899027
0.026223445
0.560213929
0.890733428
0.716654435
0.065514651
0.309154657
0.306207316
0.773770841
0.517998769
0.38806291
0.257154891
0.711876848
0.657172088
0.78859189
0.008984885
0.958519891
0.039798915
0.760501513
0.111831742
0.475287844
0.186793656
0.998504956
0.033652113
0.097428804
0.070233351
0.659746295
0.294555828
0.85536822
0.164588105
0.489510657
0.344306644
0.478328653
0.630040079
0.824139101
0.187744761
0.069487883
0.508912383
0.9573965
0.552310821
0.635450272
0.753812929
0.768590533
0.577523783
0.264370054
0.250702104
0.058586858
0.890532527
0.635287621
0.300268123
0.071026328
0.951389943
0.506206236
0.007959612
0.806563968
0.649205043
0.971533618
0.426073115
0.836884415
0.217024222
0.706457703
0.062402963
0.087834655
0.887377746
0.623867296
0.994130524
0.655102258
0.151044219
0.722960925
0.963853477
0.38645957
0.218068557
0.765272071
0.007971058
0.391988519
0.265603569
0.267915886
0.73609716
0.90727468
0.249395285
0.506528877
0.082303769
0.2586428
0.323651148
0.585955233
0.869010317
0.308831898
0.794094943
0.830393907
0.667903251
0.121973524
0.084996655
0.664408469
0.959277412
0.607390761
0.111656853
0.833987538
0.573885366
0.297909926
0.44466086
0.266641396
0.889253183
0.213496978
0.526255557
0.696885863
0.05227827
0.291378811
0.514507125
0.493059823
0.744391205
0.256932416
0.247483652
0.439872411
0.719957661
0.644993817
0.850169822
0.778279538
0.289949527
0.498658849
0.460034199
0.627828379
0.701175719
0.317489351
0.620797139
0.70605349
0.151370648
0.182016471
0.53343764
0.113615306
0.286202268
0.224920608
0.288865697
0.616533265
0.765257757
0.125054677
0.68444246
0.563332224
0.735499537
0.395788557
0.401426145
0.141449673
0.047884697
0.619475222
0.211996996
0.200588186
0.163233591
0.400137718
0.962067951
0.886278295
0.49887539
0.221946908
0.94995442
0.159380609
0.06730324
0.328837832
0.432872844
0.12549254
0.855391205
0.790041267
0.498269159
0.815993012
0.600349542
0.029117143
0.582731534
0.548429866
0.020269872
0.680338443
0.510631775
0.111208537
0.67287038
0.229565958
0.543852165
0.085455879
0.235502623
0.705295469
0.107260996
0.061323652
0.085252215
0.333625229
0.661667732
0.487135655
0.620261251
0.235416181
0.565993919
0.181428989
0.304510355
0.706841492
0.259309173
0.166973636
0.10053167
0.82657467
0.180838065
0.595119815
0.179256343
0.473373233
0.007198412
0.396889736
0.921102621
0.238572314
0.494357574
0.568514803
0.462155086
0.156322022
0.607273782
0.525045677
0.097009319
0.40047324
0.993855981
0.767470171
0.679046838
0.702502819
0.898964439
0.140553648
0.619859307
0.462572927
0.57616394
0.977328211
0.330169092
0.736791362
0.332327748
0.573715063
0.765731908
0.434344877
0.167902543
0.630323085
0.537972835
0.458426777
0.023596687
0.556946658
0.215283639
0.079571114
0.862993923
0.135186433
0.365809293
0.19982067
0.302777869
0.892497699
0.773418626
0.490990115
0.41592686
0.196028192
0.301079754
0.180686236
0.730886184
0.556120309
0.281084536
0.069578838
0.724702288
0.663102815
0.630983545
0.753388425
0.134721905
0.723838912
0.066232259
0.253413601
0.714078676
0.072853656
0.181843817
0.524765189
0.513885119
0.361111776
0.260964812
0.473510194
0.033002481
0.75005176
0.821029109
0.610797514
0.622472846
0.205163645
0.008881789
0.581561062
0.91009162
0.896997755
0.398296887
0.600514545
0.331731159
0.640869575
0.141537122
0.894533766
0.424347863
0.895219124
0.141066407
0.56712838
0.215536279
0.337691419
0.120276358
0.974976794
0.019507918
0.752581032
0.53030844
0.385189681
0.545676997
0.025623664
0.70815027
0.008449247
0.875181687
0.406276845
0.158663803
0.414293879
0.603366169
0.080890236
0.528442953
0.931091375
0.407831575
0.846326168
0.207106536
0.421966513
0.407465459
0.083061508
0.666954523
0.621762891
0.402251234
0.212646545
0.189964076
0.946306914
0.441035301
0.432750971
0.190882879
0.640744474
0.491226029
0.89266168
0.028971104
0.504223903
0.978579421
0.559583208
0.267748255
0.524020291
0.968440533
0.91246205
0.335477342
0.629779465
0.95431285
0.8137667
0.049697901
0.391906133
0.942507549
0.784312843
0.568221058
0.470503448
0.166954927
0.965721324
0.419544273
0.490834352
0.129610669
0.813619459
0.656303989
0.121221412
0.498507877
0.372477339
0.102541206
0.012109298
0.087518031
0.330645585
0.750440411
0.052316872
0.832704315
0.972463054
0.871612347
0.118869316
0.666559305
0.046039912
0.904834493
0.113791177
0.82863529
0.402346322
0.096448988
0.987781096
0.190976609
0.032714134
0.458397914
0.014142334
0.407698428
0.388797394
0.673639443
0.497304467
0.384562362
0.703343225
0.070098999
0.086119778
0.136917902
0.83054392
0.798173685
0.672239935
0.671589872
0.184289289
0.450559201
0.830253204
0.563054679
0.633223286
0.821022916
0.795097892
0.068686579
0.697518839
0.038523264
0.561233567
0.691948788
0.96435917
0.810748851
0.615639055
0.294168381
0.792205342
0.090839949
0.035122834
0.724050225
0.042806916
0.550776952
0.176774606
0.088721097
0.356128634
0.51651901
0.371192712
0.76329367
0.547749781
0.735381453
0.091720396
0.209470296
0.271939406
0.713853987
0.140502613
0.163857168
0.779944207
0.997669749
0.693713908
0.506233844
0.292587475
0.283278062
0.336323097
0.400769147
0.101551717
0.939732677
0.232113643
0.370732681
0.002405365
0.342884099
0.016636706
0.16201603
0.873234388
0.08168888
0.390211313
0.075192747
0.802078579
0.802015581
0.119707136
0.394304877
0.12112011
0.556688883
0.979512636
0.149324319
0.375051308
0.058957641
0.246493094
0.320835149
0.54277741
0.627667878
0.930412575
0.938058925
0.15776891
0.589155719
0.670130652
0.316830755
0.973155842
0.313539987
0.747041648
0.154189587
0.197629258
0.055389171
0.15476002
0.059119148
0.371225632
0.683718939
0.426373361
0.250573546
0.071167474
0.894341722
0.340441093
0.935351352
0.355423738
0.32211054
0.266236626
0.467106394
0.722980196
0.236922471
0.063440295
0.050055691
0.611792697
0.428036471
0.883855087
0.931338853
0.092976556
0.637730993
0.843819818
0.077687253
0.070428954
0.347750756
0.183574666
0.61567271
0.220421949
0.813989682
0.039746293
0.084223151
0.400186438
0.903015206
0.737635046
0.045785681
0.409195354
0.723441154
0.381958941
0.45019861
0.800322563
0.699841689
0.264065919
0.976264755
0.715000052
0.829443354
0.303537152
0.864449355
0.277234167
0.182940236
0.904456266
0.954690351
0.864715586
0.07289815
0.427256049
0.156591203
0.392794664
0.860842326
0.785437386
0.534191558
0.671567892
0.471511143
0.031783162
0.372639515
0.707610851
0.598811342
0.758816602
0.263379613
0.396939177
0.73543855
0.473775982
0.452744757
0.207176508
0.291685377
0.11881852
0.607025214
0.559731301
0.504102464
0.609508228
0.549525932
0.541968404
0.048858342
0.671339703
0.958731964
0.84937749
0.155388655
0.920349811
0.47033427
0.045953101
0.699058994
0.148726093
0.903981554
0.963278681
0.064305462
0.638186694
0.496354111
0.666300769
0.393079681
0.51932491
0.900912879
0.371733928
0.479527798
0.979773316
0.72802285
0.496720364
0.531064669
0.030224911
0.828320541
0.915779429
0.977204785
0.319661757
0.217875842
0.176261287
0.53168954
0.747120305
0.88708337
0.896173812
0.701751569
0.028779875
0.986412764
0.212114454
0.112344788
0.20685662
0.561154166
0.568190215
0.541728426
0.279131894
0.813530678
0.819764744
0.318283535
0.249589328
0.385192195
0.603152494
0.159243843
0.186518471
0.737540095
0.793698967
0.975576706
0.328103979
0.316246077
0.686816056
0.611289449
0.077234068
0.992385514
0.87873418
0.57139115
0.451364298
0.933208407
0.992381157
0.098980746
0.821777274
0.886898643
0.236966631
0.044669985
0.582093709
0.383009658
0.815107992
0.524726054
0.516300408
0.911726922
0.906286845
0.066571447
0.073878976
0.247827276
0.565210789
0.887345199
0.738698074
0.032854645
0.481959308
0.141761619
0.347499612
0.257534448
0.57248507
0.716406598
0.268549293
0.513631625
0.457028187
0.742464683
0.580843701
0.804401116
0.262641525
0.479337015
0.890619501
0.142796339
0.621441461
0.614887492
0.541732609
0.943445806
0.081624156
0.817152162
0.642163804
0.857812835
0.892012828
0.633709165
0.689641754
0.076028903
0.940680092
0.777329014
0.518609913
0.693690524
0.260451943
0.250362191
0.999490754
0.115346727
0.916562264
0.644280187
0.979077284
0.713239363
0.605932685
0.349207311
0.183480685
0.415284629
0.538520636
0.682623415
0.103534174
0.380337034
0.771426678
0.289726954
0.109532111
0.599416293
0.910928396
0.667369289
0.316382122
0.533695937
0.953988949
0.838257116
0.255253379
0.504657188
0.655723901
0.464816749
0.123439885
0.64125867
0.938359103
0.092583337
0.031565661
0.946703247
0.447080985
0.850838127
0.670838894
0.454780544
0.713656031
0.814159809
0.652764275
0.187186646
0.253187121
0.272972407
0.870213197
0.926510187
0.416208826
0.890771678
0.459541011
0.611178248
0.469033939
0.750033501
0.887424025
0.125490781
0.322779221
0.16669603
0.683977192
0.525455895
0.554017138
0.275362571
0.361938778
0.730606499
0.108086291
0.499747797
0.898147179
0.40665352
0.089615588
0.677108255
0.220247348
0.924399936
0.832206094
0.0023435
0.958758509
0.708552712
0.145781363
0.627563521
0.41220674
0.443045858
0.822991684
0.24613228
0.193767602
0.815917427
0.594550989
0.764108351
0.401127104
0.761951851
0.115340686
0.148811598
0.694244818
0.914605039
0.496430179
0.659451774
0.535230824
0.025571568
0.591084915
0.585123254
0.316180471
0.587448826
0.316034294
0.124298294
0.53014646
0.648471779
0.386147795
0.733442278
0.985205374
0.707676345
0.475419035
0.945081345
0.673295832
0.562826259
0.372095065
0.743753478
0.554453932
0.39485667
0.725782477
0.689159663
0.548162177
0.650127407
0.722546582
0.041668707
0.227389824
0.267313193
0.538033698
0.272723345
0.534003011
0.921108985
0.031375853
0.715192613
0.592839461
0.70563104
0.121438015
0.067214391
0.302953676
0.829300535
0.452173873
0.379190466
0.894205835
0.291953779
0.635471387
0.539631322
0.439626565
0.012348108
0.884281168
0.142301863
0.05960509
0.299302634
0.450353549
0.638819086
0.109091947
0.671647668
0.874093008
0.886966804
0.259507651
0.045692829
0.732296763
0.477200525
0.99050897
0.273865141
0.145357748
0.354806226
0.005133539
0.082336589
0.112654442
0.127076848
0.590138998
0.164732705
0.267109716
0.809138279
0.27626932
0.671284475
0.298083494
0.470169252
0.393260566
0.132200389
0.046726899
0.987186926
0.313409041
0.120821025
0.624702349
0.558870301
0.577175942
0.355149865
0.944250197
0.793952961
0.005290995
0.313628811
0.395389933
0.769905185
0.468683037
0.060555985
0.458222947
0.307382326
0.273247203
0.33054136
0.084139819
0.906302694
0.71352517
0.396633734
0.980885412
0.955787437
0.194984959
0.477520686
0.192161166
0.540522203
0.55105752
0.220369103
0.970368062
0.891870001
0.052064021
0.049321599
0.72283834
0.939078768
0.154760789
0.31810946
0.969311729
0.265783135
0.718659077
0.507300902
0.858984764
0.632832405
0.951898056
0.914370647
0.941134374
0.202468868
0.642922903
0.486262574
0.173623554
0.917415858
0.061446643
0.589554712
0.247955169
0.757834852
0.394683099
0.890067231
0.431989465
0.728601537
0.337829925
0.82912017
0.720603247
0.681852428
0.644754018
0.258833946
0.930459718
0.684244145
0.768009184
0.650940569
0.746077949
0.173139097
0.936180965
0.19408163
0.947907057
0.450329468
0.974392351
0.559336005
0.135407098
0.617804605
0.480507618
0.989618404
0.26148629
0.4688103
0.935111296
0.635986208
0.477003042
0.551310769
0.066575059
0.365274727
0.664201395
0.768279735
0.147297518
0.978859398
0.568066406
0.852506149
0.35128755
0.290618992
0.677896126
0.279577464
0.597894146
0.148215316
0.262738683
0.246464451
0.542796161
0.065839651
0.09394525
0.680525343
0.246843266
0.264866201
0.885750987
0.010206807
0.590097536
0.426112341
0.477212051
0.350219994
0.038017343
0.86405865
0.084782641
0.762584282
0.737371979
0.586447968
0.710085304
0.340614353
0.443873973
0.747774666
0.813242345
0.857784355
0.861778283
0.683229581
0.981063021
0.715512729
0.742609746
0.472822112
0.137609929
0.774636265
0.313581385
0.8747813
0.331193301
0.925470003
0.983876139
0.484946076
0.923373253
0.673657473
0.298580193
0.60878727
0.234764675
0.837221285
0.264282903
0.065153848
0.619310127
0.385067617
0.32093456
0.607813273
0.185333953
0.217118196
0.387942845
0.132572002
0.834254199
0.980215806
0.04745646
0.599080653
0.313330003
0.143096455
0.701446158
0.113784498
0.186585949
0.296334681
0.616161252
0.598256612
0.966858841
0.84441812
0.020095189
0.312679208
0.234204482
0.961583946
0.507506183
0.115359389
0.552902278
0.641919769
0.382871439
0.479687616
0.443692636
0.083917652
0.138913065
0.390661977
0.968535699
0.917596026
0.806043131
0.658817038
0.262210742
0.303780069
0.461805809
0.437094174
0.43452152
0.474260443
0.071689095
0.234183813
0.769377567
0.461767379
0.968226027
0.674605618
0.326625631
0.443186384
0.721023524
0.911251593
0.013687895
0.301218248
0.647646778
0.025613576
0.481992574
0.328197192
0.75743761
0.584557367
0.516231388
0.791927887
0.761997735
0.881058376
0.101938926
0.35009705
0.11187561
0.475680841
0.565366673
0.764317124
0.633555669
0.996832448
0.240171836
0.878335172
0.574658152
0.784438078
0.735471401
0.679415733
0.064587103
0.339374513
0.075430324
0.299527317
0.125063377
0.691210526
0.89431952
0.967119398
0.819999904
0.10216176
0.874949617
0.675422542
0.586812935
0.988054745
0.615094498
0.242976881
0.698799463
0.240700863
0.045860946
0.793676472
0.318741247
0.861607067
0.554601696
0.507057354
0.069786225
0.789062485
0.392933704
0.411441673
0.357446002
0.848864365
0.727743706
0.875363463
0.110108553
0.424945144
0.138064875
0.925365018
0.419708483
0.749622615
0.101352471
0.206213363
0.092058831
0.430635907
0.664572668
0.283750912
0.031397655
0.052766164
0.769990051
0.908969263
0.350274482
0.532623763
0.541606357
0.391156111
0.100587708
0.422252991
0.738402009
0.124393352
0.061297987
0.437370002
0.005858646
0.585298028
0.618702786
0.59781822
0.939321008
0.143197958
0.49181818
0.799864954
0.423923843
0.68479908
0.324332845
0.022317794
0.781556793
0.843009459
0.441633921
0.325256313
0.760839933
0.126702371
0.751194869
0.573007074
0.458826437
0.53284199
0.605979771
0.396594094
0.148542557
0.802091444
0.281783443
0.855956486
0.179449137
0.771108487
0.578293322
0.073228185
0.172406744
0.332209993
0.877763127
0.662896242
0.563510374
0.392697331
0.72741937
0.645499741
0.707461473
0.06135149
0.242459509
0.472349857
0.278635462
0.477169643
0.118850675
0.834465584
0.601247074
0.212585714
0.337726543
0.379799728
0.505783633
0.844125326
0.507559229
0.932248708
0.949965688
0.157810626
0.710228364
0.493593861
0.256577054
0.021304195
0.107340657
0.424900939
0.778689625
0.454879268
0.262065647
0.087726069
0.470557011
0.728768017
0.507324323
0.783723718
0.554959412
0.112156369
0.775377027
0.542446897
0.713166653
0.567681583
0.561815695
0.806993772
0.284074617
0.147955188
0.76481171
0.589718151
0.887406716
0.809934729
0.626039013
0.515451178
0.747343601
0.418890981
0.848560242
0.448801785
0.190812225
0.86708711
0.122700982
0.29934526
0.416422134
0.985881381
0.472002941
0.387864663
0.080048556
0.129706681
0.894590173
0.73101259
0.530274696
0.609013976
0.247472585
0.892880301
0.545250505
0.553603118
0.361755294
0.411023409
0.221245631
0.268094641
0.616039362
0.047019678
0.380518324
0.164350812
0.687514006
0.753224604
0.812146322
0.613206817
0.12681489
0.105386294
0.64992593
0.16456789
0.048726969
0.269283513
0.710932755
0.828606308
0.153014619
0.873801229
0.286022237
0.248570813
0.062199924
0.973747753
0.66085495
0.40617664
0.002213445
0.328680024
0.659523776
0.427318547
0.282167294
0.770790908
0.449758407
0.37969556
0.380650992
0.368845004
0.710209763
0.045294372
0.334483932
0.113723632
0.935806224
0.641908547
0.141911782
0.180005125
0.403764516
0.092968046
0.484535272
0.703456102
0.497587555
0.320351951
0.87692459
0.740616536
0.820872266
0.748053415
0.928403251
0.21620496
0.577635515
0.712118537
0.462928782
0.621065232
0.70104667
0.080537724
0.18460727
0.606864289
0.863604284
0.456902249
0.635780681
0.791542844
0.658949297
0.165760884
0.714594623
0.358753237
0.94692014
0.819582991
0.105188733
0.591972623
0.968740224
0.380432102
0.305786215
0.802451023
0.268534035
0.514661537
0.507510869
0.683365332
0.665641059
0.182408584
0.943124534
0.831172662
0.745308357
0.20643624
0.129080024
0.287045853
0.886400726
0.245954869
0.324034808
0.275911387
0.916995845
0.506661485
0.635195393
0.048826766
0.757238425
0.797220569
0.520489944
0.490551471
0.400208374
0.150367793
0.916871203
0.061839228
0.955661865
0.374702659
0.058754952
0.541779437
0.486329412
0.915665634
0.948750976
0.132315765
0.077730388
0.340068289
0.771318581
0.177417
0.515510613
0.939986124
0.818592887
0.472553202
0.275423577
0.743301875
0.81673928
0.449206505
0.204470044
0.602901612
0.487347868
0.164317612
0.884224847
0.537542861
0.624467464
0.190025575
0.976033447
0.094657394
0.503086505
0.432051511
0.169854757
0.879448664
0.60714031
0.922905741
0.164074311
0.108419225
0.666896942
0.869417785
0.214141942
0.771868521
0.825720083
0.186150139
0.335601501
0.392435404
0.204357624
0.617576645
0.135415383
0.995568771
0.538272292
0.579305284
0.050101579
0.744951208
0.843066033
0.939516678
0.711297081
0.296924891
0.921251428
0.065924156
0.810216664
0.692335923
0.522898324
0.322073023
0.439973054
0.17606216
0.818685209
0.203231312
0.294070625
0.37605381
0.50481844
0.617500575
0.908282336
0.720805434
0.244250016
0.817828018
0.269325228
0.985174827
0.15131391
0.806925994
0.201227957
0.130124752
0.713669583
0.061125586
0.583473002
0.666825467
0.149778394
0.402867774
0.997469307
0.643797636
0.973897224
0.421601014
0.928790434
0.437217442
0.334285587
0.867184262
0.700741367
0.348076312
0.671072898
0.367428461
0.953163184
0.837709733
0.419890356
0.842268595
0.647342054
0.833185492
0.706202512
0.913408907
0.187774802
0.166780385
0.920055255
0.608253496
0.383335749
0.861706941
0.982226024
0.887315795
0.421353728
0.989082452
0.731998161
0.582253113
0.145054295
0.307532767
0.096682987
0.128945984
0.882240267
0.02747059
0.178720432
0.166241684
0.582313361
0.179542771
0.769645542
0.361817334
0.688745052
0.010050385
0.252566424
0.782001305
0.078151555
0.877072994
0.184397236
0.804960141
0.508438683
0.70658589
0.943994579
0.607936675
0.536982931
0.618519611
0.641229872
0.637243584
0.530149328
0.824755088
0.875659959
0.012665375
0.942791989
0.26828358
0.436128643
0.450779868
0.700083292
0.921111185
0.660530001
0.883290783
0.017756626
0.986654896
0.994043367
0.668307206
0.113841735
0.582793682
0.96968286
0.548025258
0.540714883
0.748413515
0.322423083
0.573330725
0.767305324
0.91904584
0.333738103
0.154366521
0.012716364
0.520163047
0.23679167
0.720224014
0.816945683
0.239540247
0.291313956
0.705160481
0.463798416
0.845402636
0.375609588
0.124997779
0.913098877
0.691439478
0.52278894
0.516981836
0.835675426
0.652487474
0.195873106
0.977416619
0.864106313
0.79994709
0.42662189
0.739134693
0.874654814
0.527793421
0.784160268
0.758905154
0.267464595
0.255240006
0.318538677
0.459800043
0.219232033
0.921831938
0.178253475
0.854520148
0.122592773
0.976951942
0.472882116
0.036517146
0.614530641
0.319118828
0.322904329
0.400535261
0.346701088
0.526478367
0.125591275
0.103769079
0.768460313
0.001027984
0.931407581
0.728261408
0.406470708
0.096952851
0.677615109
0.55148315
0.176656345
0.941268483
0.687295113
0.630845676
0.865973917
0.445062032
0.770043772
0.687652313
0.605609936
0.230058201
0.334489506
0.597847099
0.933161887
0.804640946
0.300990463
0.505819642
0.656777935
0.290692532
0.042617731
0.985995562
0.22531335
0.172601648
0.319220431
0.503083373
0.798704873
0.478745938
0.733344209
0.794633021
0.324759582
0.116524502
0.832411548
0.545842202
0.602106358
0.672798616
0.047821893
0.730642948
0.232006453
0.264021642
0.550833128
0.665872622
0.621225785
0.376981367
0.264822377
0.586508523
0.160471989
0.024017283
0.809066571
0.898921011
0.909159792
0.193422856
0.694594912
0.658532392
0.966664534
0.263311888
0.264342692
0.037523576
0.5053143
0.966876111
0.348187558
0.272966177
0.467043466
0.729112012
0.842406246
0.317256722
0.189682545
0.631723886
0.088768812
0.548589127
0.292859328
0.051577912
0.40673695
0.034669283
0.325922419
0.60207647
0.606089085
0.166731143
0.089799674
0.764845277
0.383447595
0.953342541
0.869225618
0.432974881
0.898393261
0.994366878
0.174902821
0.090534422
0.026178384
0.517102967
0.932757636
0.784003884
0.957673993
0.726221155
0.74701822
0.967896826
0.33823766
0.767302311
0.770141103
0.062341667
0.530825964
0.915353571
0.896424272
0.452562241
0.750648038
0.346858337
0.998695377
0.258003166
0.532981607
0.270042914
0.757948142
0.913352899
0.988091743
0.14280731
0.398304903
0.377180471
0.897054441
0.057336479
0.561652656
0.412785894
0.013240278
0.69612186
0.162573161
0.389506907
0.39182636
0.318270112
0.591736259
0.098542784
0.180268396
0.478189812
0.216855503
0.063253559
0.036852417
0.763289362
0.439975463
0.727426512
0.817145992
0.809189928
0.116527515
0.04739008
0.344887575
0.214598879
0.033920222
0.174594867
0.435139892
0.770653178
0.83642669
0.565127335
0.79227088
0.752440424
0.01469115
0.694953535
0.195106987
0.192231722
0.987933227
0.873659389
0.325603761
0.42788654
0.055321705
0.237000953
0.839279023
0.852851458
0.110396125
0.643623104
0.26355548
0.844192708
0.270861782
0.502792306
0.31786102
0.340529111
0.347633982
0.913007841
0.296342786
0.111293149
0.424775139
0.572353281
0.718094502
0.897833072
0.822869781
0.714468697
0.974702751
0.370399088
0.809596925
0.387832285
0.035504776
0.105157656
0.862910617
0.217056381
0.194216375
0.187068817
0.977044398
0.33912358
0.975042592
0.827208519
0.228395258
0.447588674
0.785626941
0.005509289
0.643040472
0.223320741
0.737832929
0.3968623
0.358007164
0.501247757
0.868028417
0.744161842
0.986337234
0.206296526
0.434118088
0.999801032
0.808625914
0.760324982
0.51990139
0.590019887
0.608714072
0.21591761
0.222844178
0.553210684
0.656356955
0.090419868
0.171890894
0.866470087
0.627645452
0.109290227
0.381916786
0.301176171
0.361334996
0.922177514
0.258321734
0.670000353
0.969253497
0.464483286
0.903602426
0.923946389
0.526060523
0.20633778
0.256755023
0.527122728
0.762872407
0.390811933
0.271248281
0.072748074
0.083036708
0.177627634
0.714244095
0.595914683
0.049092351
0.850840191
0.482540679
0.391961787
0.127770108
0.756809945
0.857004599
0.430996488
0.096984037
0.761784662
0.747563322
0.539003103
0.187157807
0.290924138
0.682549293
0.034591855
0.311135238
0.119401366
0.997114701
0.252121403
0.823419213
0.579938213
0.518809188
0.020188889
0.30235857
0.574654428
0.394099543
0.854256176
0.461272422
0.699021849
0.06647136
0.093270359
0.017741758
0.063919225
0.012281016
0.746156063
0.102613728
0.166520574
0.069583945
0.227146264
0.993212632
0.743302375
0.54817605
0.899599056
0.616986212
0.795779589
0.515965071
0.737078358
0.167838398
0.838333459
0.044477464
0.633729427
0.054903913
0.03640676
0.886655949
0.182433284
0.118291571
0.119405903
0.338092077
0.96034525
0.883770347
0.213602815
0.782125241
0.128146866
0.586291742
0.201846119
0.802206229
0.160504877
0.724417601
0.39376666
0.013676591
0.39950019
0.332179728
0.576650267
0.975840493
0.412771593
0.654967109
0.206395023
0.300025545
0.779518071
0.085589938
0.68099245
0.890474547
0.872195303
0.248608024
0.669794242
0.370286528
0.871550431
0.092018646
0.239574481
0.307446058
0.54569724
0.078687534
0.517754258
0.62122547
0.328353835
0.399757513
0.722473411
0.227368307
0.096392645
0.239167983
0.599263171
0.198382621
0.976074568
0.194643882
0.864283094
0.285419429
0.735801601
0.92786847
0.698638464
0.090603185
0.723835614
0.897005512
0.445120968
0.010019857
0.767594604
0.697113775
0.872959027
0.477719666
0.122052184
0.182524046
0.900665175
0.325245407
0.428164763
0.039287393
0.298245407
0.123699476
0.235975489
0.470100838
0.66177299
0.125925322
0.37810622
0.763736213
0.152639538
0.554699445
0.918865103
0.441403838
0.996455042
0.405810349
0.109283366
0.323399348
0.937994464
0.682680075
0.704284188
0.20075201
0.426414067
0.443521284
0.375627582
0.262618677
0.82998877
0.957892444
0.941536745
0.013988568
0.005148908
0.793718131
0.133569217
0.000737775
0.08273062
0.083786396
0.038161908
0.256725305
0.060136744
0.701308281
0.584038095
0.412967201
0.814358662
0.767253997
0.491808363
0.030121114
0.131108114
0.208233674
0.60683473
0.085445425
0.054853098
0.246411337
0.757261222
0.540147044
0.159030916
0.561317358
0.800245793
0.574328708
0.079628523
0.786764522
0.399013225
0.728502152
0.07505114
0.181458622
0.005189849
0.747287937
0.956962875
0.678890008
0.526713146
0.775105689
0.808156476
0.601566014
0.527425956
0.123971781
0.434847749
0.855078276
0.275453572
0.836142988
0.009727302
0.297932251
0.362294523
0.84721648
0.908403568
0.263318491
0.162609286
0.496482472
0.952312804
0.972286296
0.448992704
0.639849332
0.788084865
0.160265596
0.884762239
0.198381401
0.192749599
0.643600941
0.987735695
0.18299021
0.093748004
0.116489255
0.873745836
0.000251312
0.244235048
0.498104762
0.956809179
0.376569374
0.953144117
0.118075682
0.041515366
0.855888111
0.170825048
0.876279538
0.251019499
0.797400393
0.808764955
0.864591303
0.626201693
0.294435657
0.765484189
0.999097623
0.388021658
0.276093524
0.7920022
0.113184608
0.506098496
0.294284635
0.942806841
0.692514729
0.389283929
0.101437776
0.74308481
0.965791723
0.117030191
0.358329924
0.185134584
0.295665241
0.748965934
0.91898937
0.341207631
0.713161835
0.814949533
0.588771136
0.584708193
0.266966148
0.231765915
0.472495087
0.115239173
0.117027596
0.153306103
0.171190645
0.475045045
0.966468925
0.843382117
0.649908974
0.177147511
0.661861278
0.441700928
0.256747003
0.216492928
0.448731882
0.078957683
0.444615198
0.446633586
0.690227131
0.670275673
0.356121354
0.612074409
0.228014398
0.506081533
0.307088803
0.724798498
0.365734387
0.375284591
0.340644407
0.10376891
0.880002054
0.181374552
0.714373528
0.805359437
0.375342312
0.528790014
0.59224131
0.339171245
0.577855417
0.091715848
0.810820314
0.835055102
0.862452264
0.307017297
0.071091534
0.192272459
0.036755886
0.183978511
0.926712909
0.371103257
0.103918531
0.009332804
0.256827391
0.641339419
0.487735941
0.345815533
0.808933193
0.235920986
0.169193246
0.464212977
0.128484363
0.420575201
0.304492429
0.660991625
0.983489909
0.553453074
0.578293659
0.593334205
0.040035544
0.951916202
0.089512079
0.383597572
0.499380635
0.645819937
0.727451821
0.71554227
0.768689333
0.036105961
0.502694564
0.923482921
0.846486496
0.897440732
0.020091018
0.396479102
0.621929158
0.61185242
0.348586724
0.55587589
0.813540755
0.471351179
0.587659239
0.478683712
0.595308465
0.378074788
0.937799034
0.813313096
0.176605204
0.862648139
0.923714931
0.101325189
0.393204564
0.617055867
0.35326511
0.833822737
0.093924419
0.602943677
0.975153916
0.847771103
0.246393092
0.984480089
0.962391503
0.06598759
0.43153374
0.934899671
0.682430353
0.16614932
0.509113913
0.420759936
0.303429883
0.819035559
0.204973134
0.095275674
0.981090376
0.684457861
0.756014463
0.379024058
0.948895374
0.209821385
0.912059156
0.303800377
0.536130097
0.165419143
0.776656795
0.240067185
0.297741226
0.928931736
0.725688314
0.70349901
0.920694572
0.980374617
0.307387321
0.887504508
0.311389744
0.626135393
0.816317403
0.042049432
0.229689923
0.087510348
0.962122216
0.507326278
0.305477243
0.535517592
0.668963327
0.208627224
0.240573772
0.65189334
0.385210021
0.598539728
0.331434087
0.97298842
0.808078102
0.231733083
0.511685968
0.809445896
0.284163624
0.77607212
0.176950381
0.376867846
0.772730864
0.810639539
0.604435435
0.278366857
0.601770042
0.389377579
0.810949034
0.247015571
0.311159119
0.238860076
0.781748638
0.156777157
0.201418346
0.651439737
0.107346201
0.25171402
0.325809808
0.225830162
0.78221934
0.214068596
0.76647079
0.480202623
0.463835617
0.601680681
0.747412494
0.602842579
0.644187592
0.60589527
0.182770701
0.573089229
0.167628595
0.424802076
0.695756423
0.6634732
0.071594785
0.449349679
0.378642672
0.428512089
0.441560864
0.756124877
0.723336663
0.468412932
0.014959775
0.966982297
0.82277812
0.49303124
0.878539313
0.666261436
0.870181544
0.387966886
0.553923557
0.09537215
0.728533636
0.115412953
0.418142008
0.11407191
0.880395036
0.539413418
0.95380766
0.810043028
0.634736972
0.704249765
0.731436059
0.846063606
0.395819152
0.930405115
0.852219244
0.503879649
0.924953623
0.169687585
0.695898002
0.022669926
0.866086882
0.317637444
0.434646895
0.834138736
0.437959345
0.721323516
0.217711585
0.761037762
0.845386714
0.141462275
0.404616462
0.52875106
0.755824186
0.838287224
0.652304664
0.116357761
0.831786375
0.339653565
0.052746851
0.905727003
0.883596128
0.675315017
0.88864496
0.094020831
0.36534687
0.119500217
0.002462569
0.194722482
0.222409427
0.232105065
0.097053706
0.474507724
0.324805831
0.145299102
0.536026905
0.486021871
0.528700369
0.981743142
0.374631003
0.532458423
0.810227179
0.106517278
0.388937138
0.732526783
0.701907304
0.878993785
0.783297879
0.006353397
0.929091632
0.941441571
0.052151667
0.612400091
0.210137629
0.104512632
0.090459662
0.516866133
0.313784972
0.03821241
0.036012218
0.296127281
0.528464544
0.213235841
0.389781858
0.667440249
0.71339046
0.774379351
0.386964724
0.214353564
0.399641607
0.184029618
0.411269778
0.056378022
0.991022538
0.344174599
0.004943987
0.328150488
0.698402934
0.655797708
0.665918426
0.087777608
0.816362757
0.773041919
0.628968218
0.816596573
0.765616011
0.938842743
0.170034495
0.8191912
0.513166166
0.231576164
0.696220927
0.984055871
0.972148277
0.443150767
0.35347715
0.300273406
0.954419814
0.701228946
0.367395148
0.819191505
0.738693529
0.045347465
0.400222593
0.46234653
0.789483574
0.791843954
0.814491741
0.907954666
0.893869325
0.015627835
0.400990229
0.906070232
0.175155618
0.29302771
0.114481019
0.778553654
0.267526451
0.279818678
0.753935527
0.726847739
0.566256032
0.841981071
0.497733566
0.452514947
0.213123692
0.772270164
0.250051727
0.949498354
0.359748796
0.792764158
0.24023919
0.392295288
0.759451221
0.850942655
0.107525798
0.479476966
0.343995417
0.14558156
0.877589696
0.961601192
0.424631867
0.883668484
0.17353004
0.408837379
0.285574495
0.276634087
0.820122843
0.805389501
0.825644346
0.854313119
0.618400681
0.866580351
0.322219285
0.244618043
0.28636886
0.89921535
0.478839574
0.200943841
0.43529392
0.527306833
0.16990967
0.991687306
0.73027517
0.934906572
0.500530691
0.4844657
0.611654872
0.84631538
0.497369805
0.780741057
0.184843301
0.685757117
0.9128979
0.000334252
0.723192494
0.100405526
0.725797692
0.611016673
0.373233816
0.393679412
0.665402144
0.1800624
0.414682356
0.720005987
0.545510163
0.810920984
0.31779005
0.463807705
0.421293563
0.926914223
0.584164309
0.862601196
0.38108024
0.32022285
0.409093713
0.675490562
0.245881554
0.109298062
0.515694512
0.745752691
0.495920022
0.521999252
0.103861887
0.981249239
0.907837548
0.844405781
0.059108909
0.167345243
0.676253101
0.562741579
0.278401482
0.55246555
0.728997627
0.657160284
0.953493105
0.532076677
0.762987244
0.825187714
0.752867547
0.909571739
0.350185588
0.968169544
0.836239177
0.504165368
0.675074642
0.320811472
0.609238102
0.281059953
0.422298029
0.997495382
0.234369554
0.86620676
0.294268425
0.98671033
0.908748838
0.005328708
0.456159699
0.482855738
0.295557997
0.689159989
0.608722686
0.072084865
0.587720144
0.995739007
0.550849566
0.102101238
0.656484217
0.895915404
0.176430988
0.381585702
0.367116084
0.352515249
0.748315179
0.17119409
0.177993463
0.450466533
0.121689307
0.508123837
0.960791621
0.545052769
0.882277148
0.756944364
0.890043203
0.438330715
0.673616326
0.330185759
0.554688801
0.117595676
0.590102274
0.696462253
0.619627897
0.040158333
0.252695369
0.288929762
0.360589837
0.25841717
0.705592406
0.517236155
0.219899902
0.592782843
0.880103319
0.128599784
0.724042765
0.200764769
0.689758937
0.495912801
0.814582324
0.049142033
0.812339989
0.668645142
0.973524533
0.412434508
0.590948031
0.162312461
0.899923114
0.352537381
0.636390832
0.74976094
0.409600379
0.748020479
0.937814618
0.259395995
0.383253538
0.753737562
0.577895856
0.142556981
0.185819071
0.976651946
0.758779403
0.773053795
0.393955421
0.866489658
0.980531052
0.827460791
0.919102306
0.354339671
0.971925745
0.990684775
0.331355242
0.21484076
0.559499514
0.949749229
0.990384212
0.268245353
0.635027374
0.345012928
0.341593442
0.631957156
0.399443952
0.089634249
0.418874042
0.398599924
0.515395375
0.048976197
0.827625325
0.290215299
0.157272068
0.763853802
0.577158078
0.677936745
0.074727923
0.020181706
0.432505506
0.531424916
0.804986356
0.784576237
0.419353263
0.401735244
0.231158713
0.40189701
0.108472771
0.102181347
0.521526738
0.798912184
0.989266088
0.046218384
0.968722534
0.251059284
0.554402845
0.790626405
0.326964826
0.341869289
0.240236037
0.912718009
0.193667721
0.398874458
0.5560855
0.622290635
0.136393129
0.369956533
0.315048744
0.940289536
0.935073456
0.088464744
0.761212046
0.753272488
0.362048857
0.41084511
0.510083251
0.205421869
0.983075826
0.750675657
0.666735164
0.703961913
0.157333882
0.055464897
0.192410017
0.934603221
0.159937688
0.279964471
0.029748504
0.41644459
0.870614071
0.139027384
0.398023304
0.655225546
0.378961177
0.932447568
0.551967177
0.857567367
0.551305924
0.55679284
0.769692466
0.596747913
0.775378225
0.627565574
0.651313817
0.484504817
0.858884989
0.774131561
0.109803863
0.926762692
0.996044133
0.531929811
0.73729749
0.140749033
0.977787763
0.783785591
0.518594943
0.55193152
0.210947683
0.152521693
0.551246267
0.865239679
0.565871571
0.513462557
0.432592702
0.285806316
0.020084739
0.621555735
0.109663555
0.620999128
0.174886464
0.216568378
0.575313422
0.012579768
0.732816857
0.925189116
0.867958241
0.040855601
0.016311158
0.613068208
0.259616323
0.648352284
0.691053622
0.572205762
0.213914328
0.60209491
0.68956622
0.031496663
0.227779092
0.822088249
0.688941996
0.072433375
0.320806327
0.474790323
0.816293035
0.426555909
0.903089513
0.999472644
0.80416897
0.302387322
0.475304326
0.175748261
0.339322825
0.236701135
0.870302481
0.868272948
0.070285826
0.807998468
0.058951314
0.36980198
0.488910973
0.104504132
0.324380982
0.258956671
0.566515846
0.388098905
0.806345037
0.150203431
0.599628608
0.723343831
0.141508235
0.92076349
0.895491552
0.889442013
0.706693724
0.413791978
0.162088673
0.596721361
0.429997415
0.46660784
0.245122012
0.315232957
0.119989454
0.260054997
0.49524812
0.892912891
0.428221366
0.065280669
0.83715406
0.851165371
0.787032217
0.861647714
0.385352497
0.453694987
0.216167618
0.085294167
0.217240243
0.134409003
0.730586589
0.35038602
0.914718937
0.34093686
0.49959898
0.633543391
0.936608142
0.780803685
0.624488919
0.886712756
0.551362044
0.40427475
0.446753796
0.364570759
0.212254852
0.151667009
0.291360534
0.438642742
0.164792506
0.54824544
0.666696894
0.807738057
0.946809536
0.688124617
0.409429375
0.989769594
0.842790165
0.10402104
0.086122792
0.676762682
0.86855643
0.878008509
0.289901811
0.384450242
0.027135372
0.920463572
0.350637506
0.880801362
0.317784858
0.223247976
0.298368345
0.067253883
0.930313733
0.496619712
0.441804036
0.427824205
0.217404511
0.886783043
0.228620544
0.187114984
0.613938017
0.033126802
0.845339908
0.612088393
0.895336531
0.233341651
0.443047517
0.873751463
0.381117908
0.08931135
0.04886919
0.265806458
0.535661966
0.270590383
0.356666783
0.55803691
0.651981271
0.374681732
0.329633375
0.907072351
0.363333957
0.762033307
0.292607447
0.363882298
0.021726563
0.033869894
0.058701212
0.529118312
0.473804961
0.848005895
0.971614751
0.126883153
0.05296081
0.108738772
0.659341264
0.842683338
0.926725306
0.646682053
0.35929766
0.749022655
0.346040116
0.672150502
0.099113467
0.462823391
0.548210095
0.841986978
0.675833782
0.56419451
0.834715894
0.596719876
0.769260278
0.000816557
0.709035762
0.184377962
0.248837326
0.237667569
0.298164604
0.952175531
0.273429202
0.033904312
0.770457658
0.020556318
0.273932643
0.559474878
0.651194254
0.901188071
0.794775408
0.391754814
0.189730087
0.173186995
0.963478112
0.425146109
0.953445661
0.857737703
0.217028667
0.860712807
0.305080902
0.999324461
0.47817973
0.037778549
0.665216062
0.682135239
0.547257905
0.969028825
0.825231371
0.377247268
0.403605237
0.832662433
0.866714161
0.752407401
0.323677226
0.789642779
0.842636133
0.788125106
0.537795998
0.850767772
0.996423647
0.603608448
0.14174443
0.353207557
0.434096123
0.121927518
0.575560576
0.409987843
0.527259917
0.790956479
0.598757905
0.123540591
0.660372778
0.11592672
0.54271448
0.928255106
0.972724757
0.172460711
0.069237445
0.425812021
0.430907136
0.614287658
0.130883374
0.681531786
0.754481445
0.475200077
0.565934178
0.420689296
0.282498054
0.678743034
0.347647306
0.325428784
0.140776809
0.714140014
0.340038958
0.448278118
0.354094555
0.856653274
0.168038302
0.269729539
0.673736493
0.476358351
0.662082686
0.810035044
0.685534342
0.338887943
0.637045654
0.578043175
0.198129892
0.567523348
0.601029422
0.561122873
0.615180899
0.847524066
0.072600373
0.162454692
0.075041106
0.14393677
0.883467369
0.862436846
0.251633282
0.263250426
0.957157309
0.527083093
0.315539039
0.595660073
0.82171682
0.161997391
0.102743487
0.649739402
0.484661823
0.920922859
0.09239256
0.339441941
0.703969754
0.021761312
0.056688708
0.297809224
0.313631614
0.231486448
0.72701077
0.825325849
0.936602141
0.831755412
0.335391092
0.988392879
0.015399984
0.291498086
0.512962707
0.430136972
0.285535143
0.940957267
0.082861545
0.713521118
0.465332471
0.139988032
0.709354901
0.619834022
0.714290784
0.970133328
0.231116865
0.100727911
0.376432836
0.566012638
0.964447016
0.707794226
0.423496044
0.128499361
0.538910544
0.604564073
0.098956635
0.658984208
0.35373795
0.560767024
0.91164045
0.741715127
0.241284533
0.980728604
0.207772939
0.641944224
0.497529685
0.665830507
0.585539725
0.377596874
0.101323726
0.597555936
0.710651359
0.094391422
0.189991882
0.885841069
0.141622728
0.367455936
0.893775813
0.295238286
0.953308301
0.292450604
0.225016815
0.429129459
0.399332192
0.957095726
0.758941361
0.789745719
0.307246263
0.50374823
0.499610636
0.183348614
0.883461427
0.809163889
0.858948064
0.241736401
0.991681973
0.138746618
0.545078716
0.871684391
0.146592556
0.587188439
0.076791056
0.642817747
0.683178572
0.134688698
0.293969509
0.901236306
0.886482381
0.046531164
0.096696936
0.26273988
0.910085219
0.147017396
0.816453764
0.719019444
0.745349469
0.751748798
0.193953161
0.891753343
0.898205906
0.714511624
0.801040249
0.719643466
0.726668606
0.480949986
0.838817043
0.903942135
0.228225662
0.350987754
0.90340554
0.0658863
0.205934613
0.442833954
0.904033455
0.839161897
0.960965792
0.882972708
0.851712522
0.80094297
0.399806577
0.684185213
0.814378398
0.40479504
0.546042495
0.867797102
0.037826986
0.802661315
0.398185316
0.677579285
0.271869212
0.554337851
0.540632716
0.722647185
0.295057959
0.325282342
0.662138451
0.551098848
0.267733499
0.171416906
0.294694932
0.633404267
0.762153305
0.649239575
0.095022053
0.163331956
0.093209545
0.597033726
0.953925783
0.067060007
0.763078306
0.564367886
0.550125263
0.448927919
0.461546154
0.529047262
0.709628585
0.531625182
0.275433029
0.699741989
0.041748857
0.485173927
0.18619037
0.47645652
0.9559158
0.387075214
0.31780301
0.848308709
0.727598615
0.170381621
0.32741803
0.248525344
0.672852124
0.552623146
0.513402553
0.090324682
0.863223153
0.361922721
0.905672202
0.018972092
0.071918942
0.50987465
0.016350942
0.65367269
0.543995205
0.848246984
0.893823417
0.860402745
0.853349586
0.8075817
0.099782689
0.246681789
0.678079641
0.312603014
0.830177835
0.507426402
0.609350317
0.814140764
0.443328864
0.708897696
0.014936445
0.155370305
0.192547433
0.225378325
0.154424497
0.418069091
0.147770836
0.499294735
0.215888277
0.598550977
0.280695765
0.185756752
0.90250167
0.969198507
0.691836661
0.266396603
0.557164178
0.387647509
0.252661033
0.768944742
0.826910831
0.884964775
0.968516999
0.184662568
0.588941841
0.714244418
0.938007825
0.603863718
0.92075803
0.284008507
0.691882706
0.701894222
0.520652008
0.444383075
0.168032795
0.169445588
0.95867668
0.321681988
0.073071593
0.862125126
0.734075479
0.131008323
0.854564135
0.439894735
0.369285899
0.169538085
0.535652801
0.74560444
0.467394264
0.36417793
0.663212038
0.017823947
0.28617973
0.817450608
0.039533543
0.896011562
0.786129775
0.052968578
0.568442526
0.512147751
0.996726242
0.202809457
0.487586413
0.586882399
0.576994799
0.269336906
0.31580838
0.259380669
0.202640597
0.561178028
0.798946521
0.330945856
0.175426964
0.249994587
0.849113728
0.844361589
0.70333371
0.307417591
0.296971702
0.445370985
0.050254325
0.84421411
0.683521114
0.934164663
0.111907846
0.283124814
0.34177944
0.260070173
0.995736719
0.57635229
0.083438337
0.028992136
0.802100069
0.242442679
0.818570133
0.791908994
0.621804362
0.172958501
0.255823443
0.224732346
0.059683699
0.421917839
0.095548355
0.463596166
0.101451433
0.857575476
0.422186834
0.743547136
0.835147382
0.273585116
0.165218568
0.766725864
0.87999283
0.855051231
0.821915378
0.353206179
0.10960723
0.115381622
0.450915623
0.593829373
0.659468666
0.706744666
0.543981622
0.167712929
0.145887544
0.041528019
0.721789288
0.848553981
0.899145147
0.934004213
0.893190562
0.692066215
0.790766194
0.35148715
0.58713
0.347370287
0.215718739
0.728140241
0.588864032
0.753541891
0.588024705
0.497525675
0.01120834
0.202928096
0.131023016
0.204028897
0.587166257
0.699156857
0.004755585
0.430805274
0.362822451
0.720168194
0.874706936
0.049240804
0.236575941
0.798189847
0.211691451
0.536221786
0.332996134
0.048942598
0.706246689
0.700115287
0.72291169
0.512466806
0.770679535
0.099463798
0.299942874
0.757059008
0.867482038
0.615392392
0.251484001
0.098512333
0.419979014
0.98371342
0.621066976
0.129634406
0.605862966
0.295486146
0.89386464
0.952894884
0.559251732
0.969648684
0.437653381
0.140396956
0.513169651
0.462204178
0.483695578
0.505465213
0.822081688
0.494415817
0.908758972
0.961454707
0.142763832
0.682267333
0.81669562
0.663837219
0.563340907
0.281922202
0.552647958
0.236354753
0.001596689
0.804274412
0.954270671
0.061422898
0.739158112
0.300386938
0.18559751
0.796876791
0.217140938
0.374183643
0.242209248
0.120940033
0.788027552
0.69915977
0.420430878
0.574784411
0.699013489
0.000228733
0.552401188
0.419522167
0.620477389
0.667156188
0.300994972
0.272772075
0.246828459
0.482169191
0.037798631
0.527218871
0.065076661
0.429212966
0.763456242
0.021986564
0.783010996
0.037717636
0.826336081
0.141731189
0.492674569
0.132409811
0.680520566
0.482143191
0.546858726
0.761346978
0.826882326
0.358312364
0.156391133
0.422688063
0.52522558
0.561960057
0.580414141
0.861302115
0.723386235
0.310744312
0.311699168
0.046195919
0.723401822
0.349258306
0.129157271
0.092293622
0.500522992
0.479719666
0.581025901
0.56816865
0.543851913
0.519152618
0.54328253
0.624562157
0.239036234
0.669608722
0.662078119
0.036911877
0.670235878
0.373810179
0.183760179
0.776469208
0.834944452
0.952113486
0.912266518
0.330586374
0.56440591
0.556759733
0.389679708
0.15724457
0.428073071
0.089429391
0.645414006
0.520233344
0.394189547
0.669508127
0.187800546
0.910986639
0.347263251
0.193835481
0.585750343
0.280731784
0.033783806
0.237259093
0.457054652
0.865454956
0.124421436
0.930223199
0.995567225
0.4530899
0.649467421
0.218526203
0.525608917
0.192986616
0.573955927
0.447785023
0.763319953
0.14717107
0.6115153
0.588507263
0.14489739
0.004516922
0.888329979
0.940719758
0.736999355
0.429295298
0.765410459
0.115450894
0.089030714
0.445223568
0.058950708
0.81892892
0.995209977
0.241034056
0.623244284
0.964265533
0.126028168
0.467884062
0.885347958
0.577716623
0.816561327
0.484970935
0.639542884
0.391516367
0.117458186
0.130624579
0.019967084
0.97756328
0.562555424
0.387588063
0.060396775
0.693247545
0.941497492
0.018942248
0.268990954
0.557368008
0.85286676
0.205693317
0.405900617
0.780880508
0.806834764
0.34643852
0.222329633
0.012769893
0.279892004
0.932990623
0.023165017
0.666859614
0.248931376
0.026564153
0.019124828
0.965849253
0.547528735
0.584840396
0.977799491
0.261338242
0.7983934
0.911152735
0.470498097
0.100598128
0.788819634
0.829837024
0.387787788
0.531807152
0.372454185
0.892118233
0.531912948
0.101542662
0.705908498
0.699044639
0.40016885
0.155697114
0.429172532
0.513352407
0.93717556
0.887355734
0.32442903
0.881519244
0.376201355
0.811818344
0.81434241
0.546190837
0.649872089
0.396918013
0.515406794
0.981205788
0.975997673
0.109416944
0.836596708
0.068780782
0.23321988
0.936034853
0.225426568
0.170584197
0.650246786
0.7057767
0.247211699
0.261173718
0.881326442
0.216194079
0.422042517
0.003743858
0.873142464
0.722949159
0.21025823
0.790162731
0.147111888
0.791877808
0.033479613
0.107880484
0.689873178
0.64129638
0.581257772
0.998170218
0.356860291
0.799877389
0.570045736
0.410899407
0.999644895
0.551752984
0.329294625
0.598535363
0.975447049
0.844883116
0.96850208
0.344996219
0.061765007
0.053209289
0.744560703
0.46375905
0.571909478
0.825478425
0.962619832
0.923856688
0.322892473
0.39022081
0.865262791
0.234065195
0.554008802
0.122514007
0.211298668
0.504088257
0.450788066
0.365180571
0.24728455
0.505190363
0.781847063
0.009736223
0.5647506
0.859593744
0.961069881
0.495027804
0.283879919
0.573510923
0.890264927
0.762636136
0.994882024
0.125867846
0.800698461
0.432704866
0.387149758
0.940287265
4.46555E-05
0.347173379
0.79672842
0.983182223
0.63792626
0.877798711
0.760443082
0.289017511
0.701178765
0.400267604
0.934380693
0.530339933
0.590763185
0.015011408
0.765360976
0.395271997
0.459737764
0.211870635
0.398812542
0.959694247
0.133675736
0.863159067
0.902535025
0.744006781
0.898320757
0.291331462
0.339322816
0.757337693
0.1640138
0.782024627
0.741033815
0.577701678
0.998548767
0.716303431
0.95717713
0.334027853
0.758776067
0.479231909
0.354320691
0.456927455
0.364585963
0.899376238
0.844964582
0.926120697
0.665196549
0.39353736
0.078787764
0.507895825
0.66591231
0.82368601
0.245005111
0.2420806
0.297314025
0.549345267
0.952904755
0.077562101
0.127891415
0.339759712
0.562609605
0.351484154
0.286474967
0.799805556
0.29858113
0.513340534
0.190473529
0.851793522
0.205795074
0.968081883
0.235631319
0.823855397
0.012088168
0.328758698
0.321182598
0.798681675
0.010118332
0.203526391
0.215868655
0.536454937
0.906942272
0.194171935
0.040391204
0.145238196
0.653226612
0.639278671
0.312470642
0.536836516
0.847253434
0.838852729
0.235449987
0.804777545
0.005521845
0.266295854
0.63848396
0.966614774
0.123721521
0.62232048
0.853655724
0.550673194
0.931590991
0.189699527
0.238442768
0.373528244
0.389458107
0.100316214
0.469097268
0.666995226
0.148052103
0.453926873
0.861926818
0.067208702
0.769501996
0.456520732
0.910911676
0.538576067
0.725068073
0.246544792
0.687095398
0.731176491
0.396589606
0.189196674
0.783769461
0.836342361
0.335086773
0.337562148
0.164105805
0.12372205
0.942352456
0.520746297
0.806824201
0.64907302
0.384143816
0.438202303
0.095890016
0.870657558
0.689422031
0.605147626
0.208760938
0.063730346
0.306347039
0.302575279
0.919574602
0.665858043
0.672777368
0.60110931
0.223832358
0.983825087
0.800199123
0.161057519
0.058800748
0.777595645
0.776600997
0.142793666
0.706151206
0.514258911
0.014248702
0.094999415
0.092105332
0.136303386
0.413155844
0.146948891
0.257544729
0.515848422
0.200360053
0.328697508
0.694371699
0.700685078
0.41927069
0.053939702
0.684416256
0.387901714
0.722343081
0.491918614
0.711581397
0.596009529
0.586261662
0.989868894
0.421806228
0.555278828
0.218936629
0.019811445
0.080630433
0.829829272
0.125818577
0.549992539
0.269224391
0.862579091
0.204512464
0.718728365
0.829334208
0.066617334
0.032818164
0.400448165
0.51251497
0.575632409
0.83630864
0.011433013
0.793300285
0.86606097
0.719049634
0.740080037
0.228782463
0.573326328
0.459514954
0.925731297
0.764601041
0.444783425
0.648344998
0.904654336
0.944692364
0.312036062
0.815620876
0.456833934
0.626461397
0.54076939
0.307838202
0.746519937
0.808551238
0.080040419
0.705741436
0.546104883
0.064648485
0.804713277
0.509307041
0.729067126
0.314231652
0.279252
0.173714551
0.872590845
0.967461674
0.318841491
0.08738238
0.709560783
0.616049555
0.213663911
0.634060407
0.672378652
0.586802576
0.780040614
0.586130044
0.321173533
0.804546675
0.457451262
0.596850657
0.171310643
0.367299294
0.625259069
0.302097432
0.071671622
0.55967136
0.224124305
0.606645906
0.059568681
0.53923134
0.197705885
0.979922452
0.330617825
0.816345832
0.831543819
0.019348594
0.42877718
0.697483834
0.232708374
0.886616422
0.120054114
0.493237328
0.047010963
0.484385596
0.232698668
0.660851935
0.121225329
0.034778408
0.50571938
0.904168811
0.262133096
0.120295965
0.751912139
0.912562555
0.959509195
0.465357409
0.700374787
0.516546982
0.196678008
0.282868279
0.174123007
0.249039398
0.510845681
0.569473423
0.863565739
0.220763719
0.468953579
0.594587804
0.082228133
0.314281676
0.754918948
0.435252476
0.780858107
0.472782974
0.864314069
0.868277864
0.876725772
0.49615186
0.450182374
0.7028138
0.868922669
0.640216692
0.995629321
0.144677068
0.636566111
0.248771222
0.337160942
0.900990077
0.882222149
0.678386537
0.187390476
0.960474435
0.770479918
0.164454259
0.174241501
0.67552898
0.689080151
0.548206967
0.409473638
0.996042612
0.318609704
0.561909266
0.020721416
0.780238071
0.096171469
0.701470505
0.059404458
0.512612377
0.281418521
0.54855169
0.64156224
0.791010914
0.975725402
0.351470639
0.92366288
0.28735976
0.270084637
0.590401878
0.073754932
0.838082692
0.708782222
0.715407231
0.795805901
0.515312512
0.921227884
0.785936109
0.284626657
0.646471994
0.49552139
0.726695503
0.804519147
0.796299733
0.792181828
0.490763759
0.60794166
0.155958166
0.235439011
0.89903115
0.164657518
0.520916464
0.713363283
0.25908951
0.336665861
0.455468882
0.511308424
0.81898331
0.463705939
0.252283937
0.73840868
0.502463815
0.643834008
0.798295768
0.973712805
0.219456599
0.101962232
0.184496814
0.965048405
0.213530906
0.609649071
0.772554021
0.570489239
0.658423193
0.197503814
0.738676755
0.767549552
0.920065571
0.747588256
0.103896524
0.508739525
0.241616398
0.979586103
0.705331882
0.607167403
0.728183577
0.732586621
0.761522044
0.37675745
0.265961262
0.183637812
0.318629392
0.137203069
0.672423542
0.199163066
0.981874537
0.116475306
0.239996245
0.085177433
0.079592763
0.714469004
0.704023438
0.950380983
0.81230175
0.629369696
0.323996486
0.719665641
0.691179722
0.313423142
0.444648261
0.424608158
0.394692098
0.172106559
0.91342512
0.555861623
0.540246287
0.578897562
0.241366684
0.332657794
0.740284741
0.305020629
0.068036295
0.38000837
0.55304035
0.469978068
0.456495219
0.900575182
0.888189958
0.884204618
0.610532259
0.762377658
0.398130044
0.838719866
0.200263385
0.369889019
0.502036669
0.555920901
0.781282168
0.09500223
0.75266594
0.294938881
0.297911407
0.613498758
0.409239098
0.881118686
0.291271054
0.491434643
0.621267592
0.001103065
0.825516627
0.609390921
0.468755221
0.965499678
0.830161094
0.782564609
0.124257773
0.39234432
0.176128514
0.11490831
0.197666684
0.79513303
0.611666938
0.031321109
0.232156947
0.812405236
0.243718544
0.562521105
0.154076444
0.91137587
0.120385986
0.313569335
0.403165402
0.388273816
0.302242909
0.733390702
0.820262754
0.215784082
0.995925275
0.767866122
0.791510549
0.129186686
0.510978489
0.510770302
0.046901051
0.340193375
0.625654574
0.632623882
0.765040086
0.89063539
0.385733651
0.645340751
0.623438075
0.289749529
0.06189513
0.31979225
0.593547071
0.229612026
0.036961319
0.329597622
0.756235215
0.040232485
0.124474975
0.378550045
0.081557922
0.50207604
0.741934281
0.829827087
0.155319455
0.382786997
0.713745729
0.766057506
0.114328989
0.849307335
0.001299835
0.375549157
0.855963425
0.966225565
0.510641987
0.230506659
0.92138546
0.748159872
0.714609443
0.481661074
0.890158132
0.900462173
0.880486677
0.786962837
0.892348493
0.063303774
0.640566293
0.015091259
0.162369199
0.526042916
0.711771297
0.112483386
0.688723185
0.385355874
0.010957133
0.744561319
0.912181725
0.751673501
0.453324381
0.44566426
0.235868549
0.293663024
0.902684925
0.335595502
0.590593818
0.139665601
0.026129368
0.928837873
0.879511761
0.914779445
0.02949575
0.519578786
0.187178418
0.263979699
0.775035192
0.378293605
0.203871624
0.990735218
0.300772045
0.082891058
0.69186545
0.460255028
0.218733937
0.311898617
0.828362691
0.52170955
0.448247788
0.195413135
0.982925869
0.488758977
0.771824516
0.924681735
0.278375119
0.604472045
0.352314761
0.759637902
0.546418268
0.581796371
0.32774932
0.746105872
0.363811765
0.964136957
0.588232806
0.438252098
0.371009388
0.652844865
0.090254946
0.212588058
0.503482225
0.904374436
0.409675002
0.815189391
0.95056347
0.516871558
0.801982658
0.386660806
0.876360875
0.362861507
0.236282997
0.909038922
0.589395083
0.228308818
0.687797768
0.087149717
0.883105091
0.510309405
0.36623327
0.208242362
0.089521229
0.993755985
0.226505556
0.675151393
0.634730876
0.529778453
0.933400045
0.129191603
0.40858293
0.926517452
0.657063965
0.922121763
0.787919669
0.489983218
0.674034606
0.823841178
0.353244714
0.282813328
0.027251857
0.642284568
0.48290092
0.99810757
0.363861399
0.380796556
0.793668201
0.173033652
0.927164175
0.924289746
0.336880831
0.075020262
0.346747992
0.749504002
0.066298894
0.70780278
0.116789317
0.914593581
0.902708395
0.876001993
0.453782584
0.792601737
0.615196541
0.693847192
0.669825195
0.838263623
0.936819456
0.996474087
0.336706054
0.053434113
0.464099202
0.739883655
0.191630008
0.461791834
0.106481345
0.737265209
0.774237408
0.817469225
0.872733073
0.189651044
0.149100504
0.88726009
0.384625106
0.323974231
0.15241401
0.606801566
0.303944786
0.640424103
0.511104729
0.374695069
0.575442245
0.888382989
0.947654611
0.636547944
0.371865502
0.696240598
0.930517409
0.458017923
0.547559927
0.124147216
0.243399327
0.123370283
0.842095621
0.509871154
0.886188848
0.085108599
0.636223067
0.969193953
0.262832747
0.028601722
0.867270941
0.767675602
0.729969311
0.867749478
0.280128527
0.441666034
0.852292689
0.755616802
0.822955426
0.485447149
0.772399
0.999900869
